0 1
0 8
0 15
0 23
0 27
0 28
0 36
0 47
0 48
0 54
0 61
0 63
0 67
0 79
0 84
1 3
1 35
1 38
1 47
1 52
1 63
1 74
1 76
2 7
2 18
2 30
2 43
2 44
2 62
2 71
2 83
3 9
3 15
3 16
3 20
3 46
3 61
3 66
3 87
4 13
4 19
4 23
4 44
4 50
4 56
4 58
4 67
4 77
5 16
5 20
5 21
5 26
5 34
5 48
5 49
5 59
5 60
5 69
5 88
6 15
6 22
6 31
6 33
6 35
6 48
6 54
6 85
6 87
7 8
7 18
7 25
7 45
7 51
7 53
7 59
7 63
7 72
7 77
8 10
8 13
8 15
8 18
8 46
8 55
8 74
9 19
9 25
9 26
9 33
9 36
9 43
9 73
9 74
9 75
10 24
10 32
10 39
10 43
10 44
10 61
11 14
11 19
11 25
11 44
11 59
11 69
12 23
12 26
12 29
12 31
12 47
12 54
12 59
12 74
12 76
12 78
13 23
13 28
13 33
13 44
13 67
13 68
13 70
13 78
14 37
14 44
14 63
14 79
14 87
15 20
15 27
15 77
16 26
16 46
16 47
17 23
17 31
17 34
17 39
17 44
17 48
17 61
17 85
18 27
18 37
18 44
18 47
18 50
18 59
18 70
18 82
18 83
18 85
19 38
19 44
19 48
19 49
19 62
19 82
20 33
20 37
20 38
20 47
20 49
20 50
20 61
20 85
21 35
21 44
21 49
21 54
21 59
21 69
21 73
21 86
22 33
22 38
22 45
22 52
22 55
22 71
22 74
22 77
23 35
23 42
23 73
23 74
23 78
24 37
24 39
24 40
24 50
24 51
24 52
24 63
24 66
24 67
24 80
24 84
24 87
25 29
25 31
25 41
25 42
25 65
26 47
26 55
26 61
26 69
26 73
26 76
26 85
27 31
27 33
27 52
27 60
27 64
27 65
27 69
27 70
27 79
28 43
28 53
28 55
28 61
28 63
28 65
28 70
28 88
29 35
29 47
29 59
29 78
29 84
29 86
29 88
30 37
30 38
30 44
30 47
30 65
30 68
30 72
30 74
31 58
31 67
32 42
32 46
32 50
32 61
33 38
33 44
33 53
33 62
33 87
34 37
35 41
35 61
35 62
35 65
35 79
36 60
36 73
37 38
37 53
37 66
38 39
38 42
38 59
38 79
38 80
39 40
39 60
39 61
39 67
39 69
40 44
40 47
40 57
40 85
41 58
41 63
41 70
41 72
41 74
42 50
42 66
42 67
43 63
43 66
43 69
43 79
43 88
44 64
44 69
45 46
45 51
45 53
45 60
45 67
45 71
46 77
46 82
46 86
47 48
47 49
47 71
47 72
47 79
47 84
47 87
48 67
48 72
48 73
49 59
49 75
49 76
50 72
50 84
51 52
51 86
52 61
52 64
52 65
52 74
52 79
53 54
53 55
53 57
53 71
53 73
53 85
54 58
54 65
54 66
54 67
54 77
55 77
56 58
56 75
56 77
56 86
57 62
57 64
57 68
57 85
58 62
59 79
60 79
61 67
61 83
62 75
62 78
63 69
63 77
63 88
64 67
65 80
65 86
66 68
66 78
66 79
67 68
67 74
67 75
67 79
67 87
70 72
70 85
70 87
71 82
71 83
72 81
72 86
73 79
73 86
73 87
74 86
74 87
75 78
75 84
76 87
77 81
79 85
81 84
81 86
82 85
83 85
83 87
87 88
