0 21
0 24
0 30
0 34
1 10
1 24
1 25
1 34
1 40
1 48
1 49
1 52
2 4
2 6
2 29
2 37
2 47
3 5
3 19
3 22
3 29
4 48
5 12
5 24
5 31
5 34
5 38
5 45
5 47
5 57
6 18
6 23
6 25
6 31
6 34
7 11
8 11
8 12
8 24
8 51
8 52
8 57
9 11
9 13
9 20
9 22
9 24
9 27
9 28
10 17
10 21
10 39
10 49
10 52
11 14
11 20
11 22
11 26
11 27
11 28
11 29
11 41
12 57
13 27
13 28
13 32
13 35
13 51
14 25
15 16
15 17
15 24
15 29
15 43
15 56
16 37
16 43
17 19
17 27
17 33
17 37
17 39
17 48
17 55
18 27
18 28
18 32
18 35
18 42
18 52
18 56
19 35
19 46
19 55
20 35
20 37
21 34
21 49
21 50
21 52
21 55
22 30
22 48
22 52
22 57
23 37
23 47
23 55
24 45
24 52
25 50
25 55
26 37
26 48
27 42
28 31
28 36
29 37
29 39
29 47
29 48
30 41
30 46
30 48
31 32
31 35
31 42
31 45
31 50
31 54
32 35
33 38
34 35
34 40
34 49
34 57
35 36
35 40
35 45
35 51
37 44
38 42
38 43
38 44
39 43
40 56
41 43
41 56
42 46
42 50
43 52
44 47
44 55
44 57
45 54
46 55
46 57
47 51
48 53
49 53
52 57
53 56
54 56
