0 11
0 17
0 18
0 31
0 39
0 42
0 47
1 2
1 11
1 16
1 18
1 21
1 23
1 37
1 42
2 9
2 23
2 37
3 18
3 20
3 23
3 25
3 35
3 38
3 40
3 45
4 6
4 18
4 25
4 36
4 44
5 23
6 10
6 13
6 22
6 26
6 29
6 34
6 41
6 46
7 26
7 43
8 15
8 19
8 28
8 38
8 42
8 43
9 12
9 16
9 19
9 27
9 29
10 19
10 32
10 41
10 43
11 24
11 34
11 39
12 26
12 27
12 41
12 48
13 23
13 24
13 26
13 42
14 23
14 25
14 30
15 28
15 33
15 35
16 25
16 30
16 39
16 42
18 20
18 22
18 24
18 34
19 21
19 43
20 26
20 34
20 42
20 48
21 43
21 46
22 41
24 28
25 28
25 45
25 46
26 32
27 40
28 31
28 39
28 45
29 36
29 47
30 48
31 38
31 42
32 43
33 34
33 40
34 35
36 45
38 47
40 42
41 48
42 44
42 48
44 47
