0 1
0 2
0 3
0 4
0 6
0 7
0 8
0 9
0 11
0 24
0 27
0 31
0 41
0 62
1 4
1 5
1 10
1 12
1 13
1 14
1 16
1 29
1 32
1 35
1 36
1 41
1 48
1 49
1 53
1 54
1 57
1 58
1 59
1 65
1 70
2 4
2 5
2 15
2 19
2 27
2 43
3 5
3 7
3 9
3 11
3 15
3 18
3 19
3 30
3 42
3 67
4 6
4 7
4 10
4 11
4 21
4 29
4 37
4 45
4 51
4 56
4 61
5 6
5 13
5 14
5 16
5 17
5 21
5 23
5 24
5 27
5 44
5 52
5 69
5 70
6 8
6 9
6 10
6 14
6 46
6 47
6 65
6 75
7 8
7 13
7 21
7 22
7 28
7 37
7 61
7 62
8 12
8 16
8 17
8 20
8 22
8 24
8 25
8 29
8 30
8 31
8 32
8 33
8 35
8 36
8 39
8 40
8 42
8 46
8 47
8 51
8 54
8 67
10 23
10 26
10 30
10 32
10 47
10 55
10 56
10 63
11 12
11 33
11 34
12 18
12 20
12 26
12 44
12 74
13 15
13 23
13 26
13 34
13 35
13 73
15 17
15 18
15 20
15 25
15 34
15 52
15 54
15 59
16 39
16 58
16 63
16 64
17 19
17 38
17 49
18 25
18 28
18 36
18 37
18 40
18 45
18 64
18 68
19 38
19 43
19 45
20 22
21 50
21 66
22 31
22 70
23 28
23 51
23 52
23 55
24 44
26 33
26 68
27 67
29 43
29 48
29 53
29 56
29 60
29 62
30 40
30 49
30 55
31 41
31 57
32 38
32 46
35 39
35 65
37 69
37 73
37 74
38 60
38 64
39 48
39 50
41 42
41 72
42 50
42 72
43 60
45 63
46 71
46 75
47 58
48 57
49 59
51 61
52 53
56 72
58 75
59 71
59 73
60 66
61 74
63 66
63 68
65 69
65 71
