0 13
0 19
0 22
1 66
2 17
2 37
2 62
3 9
3 14
3 34
3 37
3 41
3 43
3 54
4 7
4 17
4 26
4 52
4 60
5 15
5 25
5 26
5 30
5 31
5 36
5 52
5 53
5 59
5 68
6 9
6 20
6 32
6 37
6 49
6 52
6 63
7 31
8 10
8 36
8 37
8 67
9 10
9 27
9 30
9 31
9 36
9 56
9 60
9 65
10 13
10 54
10 68
11 16
11 17
11 29
11 53
11 56
12 28
12 42
12 43
12 44
12 54
12 62
13 24
13 27
13 28
13 31
13 32
13 34
13 53
14 25
14 27
14 28
14 33
14 41
14 43
14 45
14 52
14 66
15 30
15 36
15 41
15 53
15 55
15 57
15 59
15 64
16 27
16 49
16 52
16 60
17 20
17 26
17 33
17 36
17 47
17 49
17 57
17 59
17 68
18 24
18 43
18 61
19 35
19 47
19 52
19 67
20 34
21 28
21 36
21 45
22 40
22 42
22 44
22 45
22 47
22 61
22 62
23 41
23 47
24 25
24 33
24 37
24 41
24 50
24 57
24 60
25 35
25 40
26 46
26 48
26 54
27 44
27 45
27 52
27 53
27 55
28 33
28 59
28 62
28 68
29 33
29 49
29 59
30 33
30 44
30 59
31 41
32 49
32 51
32 60
32 66
33 36
33 51
33 60
33 66
34 39
34 40
34 42
34 64
35 38
35 47
36 45
36 46
36 52
37 39
37 66
38 55
38 65
39 41
39 49
39 51
41 42
41 47
41 52
42 44
42 58
42 61
42 63
43 53
43 55
44 52
44 59
44 65
45 59
46 48
46 56
46 65
47 51
47 67
48 64
49 59
50 54
50 61
50 63
51 56
51 65
52 54
52 56
52 65
53 64
53 66
54 62
57 59
57 67
58 62
59 65
60 61
60 62
60 67
61 63
62 68
63 67
65 66
