0 1
0 2
0 3
0 4
0 6
0 7
0 10
0 11
0 14
0 17
0 18
0 21
0 22
0 23
0 31
0 37
0 40
0 44
0 52
0 57
0 67
0 70
0 73
0 75
1 4
1 5
1 6
1 8
1 9
1 11
1 12
1 17
1 19
1 20
1 26
1 35
1 39
1 42
1 62
1 63
1 68
1 70
2 4
2 5
2 7
2 20
2 22
2 29
2 32
2 37
2 39
2 40
2 41
2 43
2 45
2 50
2 51
2 66
2 68
3 8
3 23
3 51
4 5
4 6
4 7
4 9
4 10
4 12
4 13
4 14
4 21
4 24
4 25
4 30
4 49
4 50
4 52
4 53
4 56
4 58
4 66
5 8
5 10
5 13
5 14
5 19
5 29
5 30
5 38
5 41
5 65
5 72
6 16
6 18
6 45
6 49
6 56
6 59
6 62
6 63
6 64
7 9
7 25
7 31
7 35
7 48
7 55
7 61
8 15
8 16
8 21
8 54
8 58
9 15
9 17
9 27
9 69
10 11
10 12
10 13
10 16
10 28
10 33
10 39
10 44
10 47
10 54
10 65
11 15
11 28
11 30
11 38
11 47
11 61
12 27
13 18
13 19
13 24
13 25
13 32
13 36
13 41
13 45
14 47
14 74
15 31
15 42
15 44
15 75
16 27
16 46
16 66
17 20
17 26
17 34
17 60
17 62
19 26
20 22
20 23
20 40
20 48
20 64
20 74
21 33
21 34
21 57
22 24
22 33
22 43
22 46
22 50
22 74
23 35
23 48
23 53
25 28
25 29
25 60
25 64
26 38
26 57
27 32
27 54
27 73
29 34
29 36
29 59
29 63
29 70
30 75
31 37
31 71
32 36
34 46
34 55
34 58
35 49
35 61
35 67
36 42
36 60
38 43
39 51
41 52
41 55
41 65
42 53
44 69
46 72
46 73
52 56
52 59
53 68
56 71
64 69
65 67
65 71
67 72
