0 1
0 8
0 26
0 33
0 48
0 52
1 2
1 7
1 12
1 17
1 39
1 41
1 43
2 6
2 10
2 36
2 52
2 57
3 13
3 27
4 17
4 19
4 21
4 25
4 55
5 28
6 10
6 14
6 23
6 26
6 32
6 45
6 54
7 9
7 10
7 18
7 20
7 50
8 9
8 20
8 22
8 32
8 35
9 30
9 45
9 54
10 14
10 22
10 47
10 50
11 14
11 19
11 25
11 29
11 31
11 37
11 48
11 53
11 58
12 16
12 18
12 23
12 26
12 35
12 51
12 52
13 17
13 57
14 28
14 40
14 42
14 46
15 25
16 17
16 19
16 27
16 33
16 35
16 43
17 44
17 54
17 38
18 35
18 44
19 21
19 28
19 40
20 37
20 46
20 56
21 28
21 35
21 36
21 42
21 46
21 48
21 49
21 50
21 54
22 30
22 49
23 27
23 30
23 41
23 52
23 54
24 26
24 37
25 27
25 31
25 50
26 33
26 40
26 50
27 29
27 35
27 44
27 52
28 29
28 35
28 54
29 33
29 57
30 33
30 34
30 35
30 44
31 33
31 44
31 46
31 48
31 49
31 53
32 45
32 52
32 53
32 55
33 46
34 37
34 50
34 57
35 36
35 50
35 52
37 49
39 50
39 51
39 55
39 56
39 57
40 50
41 53
41 56
41 58
42 50
43 54
44 48
44 57
45 46
45 47
45 50
46 58
47 53
48 50
48 52
48 58
52 58
55 58
56 57
