0 1
0 2
0 3
0 4
0 5
0 6
0 12
1 4
1 5
1 7
1 10
2 4
2 5
2 6
2 7
2 8
2 9
2 10
2 14
2 17
2 18
2 19
2 20
2 22
2 28
2 31
2 35
2 43
4 7
4 8
4 13
4 14
4 16
4 22
4 23
4 26
4 36
4 38
4 40
4 42
5 6
5 8
5 9
5 10
5 11
5 15
5 32
5 34
5 37
6 11
6 12
6 13
6 15
6 16
6 17
6 19
6 20
6 21
6 23
6 24
6 26
6 30
6 35
6 36
6 43
6 44
6 45
7 11
7 13
7 18
8 9
8 15
8 18
8 20
8 23
9 12
9 14
9 16
9 24
9 26
9 43
10 19
11 22
11 32
11 33
12 27
12 28
12 29
12 39
14 21
14 29
15 21
15 25
15 27
15 28
15 37
15 41
16 17
16 32
16 35
16 39
16 45
17 25
17 33
17 38
18 24
18 29
18 31
19 34
19 37
19 39
20 36
20 40
21 30
21 31
21 41
21 42
23 27
24 25
24 30
24 38
25 44
27 33
28 40
29 42
33 34
33 44
37 41
39 45
