0 4
0 12
0 13
0 14
0 34
0 36
0 47
0 48
0 55
1 8
1 69
2 5
2 7
2 8
2 16
2 37
2 41
2 49
2 54
2 60
2 61
2 63
2 81
3 5
3 45
3 47
3 62
4 11
4 18
4 22
4 30
4 34
4 39
4 42
4 45
4 47
4 58
5 54
5 78
5 83
6 34
6 41
6 55
6 62
7 35
7 37
7 44
7 46
7 59
7 69
7 80
8 23
8 24
8 36
8 41
8 52
8 61
8 80
8 83
9 36
9 38
9 39
9 42
9 60
9 63
9 65
9 75
9 80
10 14
10 41
10 44
11 16
11 17
11 19
11 22
11 38
11 44
11 55
11 62
11 72
12 13
12 27
12 46
12 53
12 65
12 80
13 21
13 29
13 43
13 48
13 65
13 68
13 73
13 75
14 19
14 20
14 30
14 38
14 46
14 52
14 56
14 61
14 68
15 20
15 24
15 31
15 40
15 42
15 59
15 73
16 24
16 28
16 36
16 50
16 59
16 67
16 68
16 76
16 80
17 22
17 77
17 80
18 29
18 56
18 60
19 21
19 36
19 37
19 38
19 46
19 50
19 54
19 57
20 27
20 48
20 59
20 66
20 71
21 26
21 48
21 53
21 54
21 59
21 71
21 76
22 28
22 29
22 59
22 82
22 83
23 39
23 47
23 48
24 25
24 41
24 61
24 77
24 78
24 81
25 28
25 32
25 35
25 61
25 69
25 71
25 73
25 80
26 62
26 66
26 78
26 80
26 82
27 32
27 34
27 54
27 57
27 72
28 43
28 56
28 64
28 75
28 82
29 35
29 39
29 52
29 69
29 78
30 43
30 45
30 65
30 77
31 51
31 52
31 62
31 64
31 69
31 81
32 36
32 38
32 52
32 67
32 72
32 74
32 76
32 80
33 57
33 60
33 63
33 80
34 36
34 46
34 54
34 59
34 61
34 72
34 82
35 53
35 68
35 79
36 38
36 54
36 63
36 64
36 67
36 72
36 78
37 41
37 53
37 55
37 56
38 41
38 45
38 55
38 66
38 75
38 77
38 78
38 80
39 48
39 53
39 83
40 55
40 79
40 82
41 46
41 61
41 65
42 56
42 73
42 78
43 45
43 51
43 52
44 52
44 62
44 83
46 56
46 66
46 69
46 81
47 52
47 53
47 59
47 62
48 54
48 76
48 83
49 54
49 58
49 59
50 60
50 79
51 75
52 53
52 55
52 60
52 77
53 61
53 72
53 74
53 82
54 62
54 70
54 77
54 78
55 60
55 74
56 59
56 60
56 61
56 71
56 79
56 80
56 83
57 61
57 62
58 76
58 80
58 81
59 63
59 64
59 65
60 72
60 75
62 66
62 68
62 69
62 81
62 82
63 70
63 79
64 74
64 76
65 69
65 79
65 82
66 71
66 80
68 72
68 79
69 81
70 72
71 73
71 76
73 79
76 77
76 79
76 81
76 83
78 80
