0 1
0 77
0 2
0 76
1 3
1 77
1 8
2 3
2 4
2 63
3 4
3 5
4 5
4 6
5 7
5 70
6 7
6 8
7 8
7 9
8 9
8 10
8 58
9 10
9 11
9 26
10 11
10 12
11 13
11 65
12 13
12 14
13 14
13 15
13 39
14 15
14 16
14 49
15 16
15 17
15 19
16 17
16 18
17 18
17 19
18 19
18 20
19 21
20 21
20 22
21 22
21 23
22 23
22 24
23 24
23 25
24 25
24 26
25 26
25 27
26 27
27 28
27 29
28 29
28 30
29 30
29 31
30 31
30 32
31 32
31 33
32 33
32 34
33 34
33 65
34 35
34 36
35 36
35 37
36 37
36 38
37 38
37 39
38 39
38 40
39 40
39 51
40 41
40 42
40 59
41 42
41 43
42 43
42 44
43 44
43 45
44 45
44 46
45 46
45 47
46 47
46 48
47 48
47 49
48 49
48 50
49 51
50 51
50 52
51 52
52 53
52 54
52 69
53 54
53 55
53 60
54 55
54 68
55 56
55 57
56 57
56 58
57 58
57 59
57 67
58 60
59 60
60 62
61 62
61 63
62 63
62 64
63 64
64 65
64 66
65 66
65 67
66 67
66 68
67 68
68 69
68 70
69 71
70 71
70 72
71 72
71 73
72 73
72 74
73 74
73 75
74 75
74 76
75 76
75 77
76 77
