0 1
0 2
0 3
0 4
0 5
0 8
0 9
0 11
0 13
0 14
0 19
0 32
0 33
0 45
0 48
0 54
0 76
0 79
1 7
1 9
1 10
1 13
1 14
1 16
1 19
1 27
1 29
1 36
1 37
1 45
1 58
2 4
2 5
2 8
2 25
2 26
2 31
2 33
2 34
2 43
2 46
2 47
2 48
2 56
2 65
2 73
2 79
3 4
3 6
3 14
3 24
3 31
3 41
3 43
3 50
3 71
3 80
4 5
4 6
4 7
4 24
4 38
4 47
4 50
4 61
4 72
5 6
5 7
5 8
5 9
5 10
5 11
5 12
5 15
5 16
5 17
5 20
5 21
5 22
5 26
5 31
5 35
5 40
5 53
5 54
5 60
5 64
5 68
5 74
5 76
5 77
5 81
6 10
6 11
6 12
6 17
6 18
6 19
6 26
6 27
6 35
6 36
6 39
6 44
6 45
6 48
6 57
6 66
7 13
7 18
7 20
7 42
7 52
8 12
8 15
8 18
8 29
8 42
8 51
8 59
8 61
9 37
10 22
10 25
10 34
10 38
10 40
10 53
10 59
10 67
10 70
11 15
11 16
11 25
11 28
11 46
11 51
11 63
12 23
12 24
12 35
12 36
12 65
12 66
12 68
13 21
13 34
13 78
14 40
15 20
15 23
15 32
15 79
16 17
16 22
16 23
16 49
16 58
16 63
16 70
16 81
17 39
17 41
17 51
17 71
17 75
18 46
18 54
19 27
19 28
19 30
19 62
20 21
20 49
20 56
20 67
20 72
22 28
22 58
22 74
23 39
23 57
23 60
24 32
24 42
24 43
24 80
25 29
25 30
25 38
25 73
26 61
26 64
26 78
27 30
27 64
28 33
28 37
29 53
29 71
30 59
31 41
31 69
31 73
32 69
33 62
33 67
33 81
36 56
36 57
36 60
36 72
37 50
38 44
39 44
40 55
41 68
41 80
45 47
45 49
45 66
46 52
46 65
47 77
48 52
49 55
50 70
50 77
51 69
53 55
55 62
56 76
62 63
67 74
71 75
71 78
72 75
