0 3
0 7
0 17
0 20
0 21
0 24
0 28
0 30
0 44
0 45
0 50
1 9
1 12
1 13
1 27
1 29
1 38
1 47
2 12
2 18
2 27
2 29
2 37
2 39
2 41
2 50
3 13
3 18
3 21
3 24
3 31
3 33
3 35
3 45
4 18
5 29
5 37
5 41
5 48
6 14
6 17
6 31
6 47
7 9
7 14
7 31
7 43
7 45
7 47
8 13
8 21
8 22
8 34
9 10
9 13
9 24
9 26
9 27
9 34
9 36
9 42
9 46
10 29
10 44
10 48
11 26
11 27
11 36
11 38
11 39
11 42
11 43
11 49
12 38
12 44
12 50
13 17
13 24
13 37
13 42
13 44
13 49
14 27
14 41
15 16
15 36
15 39
16 24
16 28
16 44
18 39
18 40
18 42
19 46
19 48
19 49
19 50
20 26
20 29
20 36
20 45
21 26
21 29
21 39
22 26
22 32
22 45
23 30
23 40
23 46
24 26
24 31
24 32
24 35
24 38
25 32
25 43
26 42
26 43
27 34
27 47
28 48
29 31
29 38
29 42
29 45
30 42
30 49
31 33
32 39
32 41
33 35
33 37
34 41
34 45
34 46
35 36
35 43
35 44
39 40
39 42
39 46
40 44
41 43
42 44
42 48
42 49
42 50
43 45
