0 1
0 60
0 2
1 2
1 3
1 60
2 3
2 4
3 4
3 5
3 44
4 5
4 13
4 40
5 6
5 7
6 8
6 50
7 8
7 29
7 57
8 9
8 10
9 10
9 11
10 11
10 12
10 26
10 30
11 12
11 13
12 13
12 14
13 15
14 15
14 16
15 16
15 17
15 32
16 17
16 18
17 18
17 19
18 19
18 20
18 49
19 20
19 21
19 35
20 21
20 22
20 47
21 22
21 23
22 23
22 51
23 24
23 25
24 25
24 26
25 26
25 27
25 52
26 28
27 28
27 29
28 29
28 30
29 31
30 31
31 32
31 33
32 33
33 34
33 35
34 35
34 36
35 37
36 37
36 38
36 59
37 38
37 39
38 39
38 40
39 40
39 41
40 41
40 42
41 42
41 43
42 43
42 44
43 44
43 45
44 46
45 46
45 47
46 47
46 48
47 49
48 49
48 50
49 51
50 51
50 52
51 52
51 53
52 54
53 54
53 55
54 55
54 56
55 56
55 57
56 57
56 58
57 58
57 59
58 59
58 60
59 60
