0 1
0 2
0 3
0 4
0 5
0 9
0 11
0 12
0 15
0 19
0 21
0 26
0 27
0 29
0 33
0 38
0 46
1 6
1 8
1 11
1 15
1 19
1 31
1 33
1 40
1 43
1 44
1 54
1 60
2 4
2 5
2 6
2 7
2 8
2 9
2 11
2 14
2 18
2 21
2 27
2 28
2 32
2 35
3 4
3 18
3 28
3 30
3 39
4 5
4 7
4 8
4 9
4 12
4 14
4 25
4 36
4 48
4 49
4 58
4 61
4 62
5 6
5 7
5 10
5 14
5 17
5 22
5 25
5 32
5 40
5 43
6 10
6 13
6 16
6 23
6 43
6 44
6 46
6 53
7 17
7 20
7 23
7 26
7 48
8 10
8 16
8 19
8 22
8 24
8 36
9 12
9 16
9 18
9 21
9 34
9 38
9 49
9 54
9 55
9 62
9 63
10 59
11 13
11 17
11 22
11 23
11 27
11 29
12 13
12 37
12 39
12 59
13 41
13 47
14 15
14 20
14 35
15 30
15 34
15 50
16 24
16 37
16 38
16 39
16 47
16 52
18 20
18 34
18 47
18 58
18 63
19 25
19 36
19 64
20 28
21 32
21 41
21 44
21 46
21 50
22 31
22 56
23 24
23 40
23 45
24 26
24 31
24 52
25 29
26 35
26 42
26 59
27 30
27 42
28 33
28 37
28 56
28 60
28 62
29 53
30 58
31 52
31 53
34 45
36 61
39 45
39 49
40 41
40 42
40 48
40 50
40 51
40 55
47 51
48 51
48 55
48 57
49 54
54 56
54 57
55 60
56 57
58 61
60 64
61 63
62 64
