0 2
0 8
0 32
0 36
0 40
1 10
1 22
1 55
2 6
2 15
2 16
2 18
2 22
2 35
2 41
2 47
2 52
3 38
4 14
4 21
4 26
4 45
4 53
5 8
5 12
5 13
5 16
5 31
5 32
5 49
5 52
5 54
6 9
6 12
6 14
6 18
6 23
6 27
6 36
6 42
7 26
7 27
7 34
7 39
7 45
8 23
8 35
8 47
8 48
9 17
9 23
9 25
9 27
9 45
9 47
10 17
10 40
10 48
10 49
10 51
11 17
11 25
11 30
11 36
11 43
11 45
13 25
13 27
13 43
13 45
13 48
14 37
14 47
15 34
15 51
15 55
16 32
16 40
16 48
17 23
17 24
17 29
17 36
17 39
17 43
17 48
17 54
18 21
18 26
18 28
18 32
18 36
18 49
19 25
19 36
19 54
20 21
20 26
21 38
21 53
22 28
22 44
22 46
23 32
23 36
23 38
23 45
23 46
23 49
23 50
24 27
24 33
24 34
24 41
25 29
25 42
26 36
26 37
26 42
26 44
26 48
27 28
27 42
27 48
27 52
27 53
28 40
28 44
28 47
29 35
29 40
29 53
30 44
31 40
31 44
31 49
32 34
33 50
37 53
38 52
38 56
39 41
39 50
39 51
41 45
41 47
42 55
42 56
43 45
43 53
44 51
45 47
46 51
48 53
49 54
49 55
51 53
