0 1
0 2
0 3
0 4
0 5
0 6
0 7
0 8
0 11
0 12
0 15
0 19
0 26
0 28
0 32
0 35
0 40
0 49
0 52
0 56
1 4
1 5
1 6
1 8
1 9
1 10
1 12
1 14
1 18
1 20
1 22
1 23
1 24
1 32
1 33
1 34
1 36
1 37
1 38
1 39
1 42
1 47
1 50
1 56
1 57
2 4
2 6
2 10
2 11
2 26
2 35
2 38
2 45
2 51
2 52
2 58
3 5
3 43
4 7
4 14
4 17
4 21
4 29
4 36
4 42
4 44
5 7
5 8
5 13
5 16
5 19
5 27
5 30
6 9
6 13
6 21
6 24
6 32
6 34
6 38
6 40
7 11
7 15
7 16
7 17
7 20
7 22
7 23
7 28
8 9
8 10
8 12
8 22
8 23
8 25
8 33
8 46
9 16
9 26
9 33
10 17
10 18
10 49
10 55
11 14
11 54
12 13
12 15
12 19
12 21
12 24
12 27
12 37
12 41
12 59
13 25
13 53
14 20
14 43
14 44
15 18
15 27
15 50
16 58
18 30
18 53
19 31
20 31
21 51
22 28
22 29
22 34
22 35
22 36
22 39
22 41
22 43
22 44
22 46
22 47
22 48
22 52
23 25
23 29
23 46
23 55
23 56
25 55
26 39
26 45
28 30
28 40
28 45
29 31
29 47
29 54
31 48
32 51
32 54
35 37
35 57
35 58
37 42
38 41
40 50
40 53
43 59
45 49
45 57
45 59
47 48
