0 1
0 2
0 3
0 4
0 5
0 6
0 7
0 9
0 11
0 12
0 14
0 15
0 17
0 20
0 21
0 23
0 26
0 27
0 34
0 35
0 39
0 42
0 49
0 51
0 52
0 55
0 58
0 66
0 68
1 6
1 7
1 8
1 10
1 13
1 18
1 19
1 25
1 30
1 31
1 37
1 41
1 44
1 46
1 48
1 60
1 62
1 63
1 71
2 4
2 5
2 28
2 33
2 40
2 44
2 59
3 4
3 5
3 13
3 16
3 40
3 68
4 9
4 10
4 11
4 15
4 16
4 17
4 18
4 21
4 30
4 32
4 52
4 53
4 54
4 57
5 6
5 7
5 8
5 12
5 27
5 35
5 41
5 48
5 51
6 12
6 13
6 14
6 18
6 43
6 51
6 57
7 8
7 11
7 38
7 42
7 45
7 66
7 67
8 9
8 14
8 23
8 30
8 40
8 43
8 45
8 64
8 68
9 10
9 16
9 19
9 36
9 58
9 64
9 70
10 15
10 28
10 34
11 17
11 22
11 62
12 20
12 22
12 47
12 56
12 61
13 20
13 25
13 26
13 32
13 33
13 58
14 19
14 27
14 29
14 42
14 44
14 55
15 29
15 31
15 32
15 33
15 38
15 43
15 54
15 63
15 70
16 21
16 25
16 45
17 23
17 29
17 38
17 46
17 60
17 65
19 24
19 49
20 24
20 48
21 22
21 24
21 37
21 39
21 47
21 63
22 53
22 64
22 67
23 26
23 34
23 67
24 28
24 35
24 36
24 54
24 55
24 72
25 31
25 59
25 69
26 41
27 60
29 36
29 47
29 65
29 66
29 71
30 56
30 72
32 37
32 39
32 69
34 49
35 52
36 56
38 61
38 72
39 50
40 46
40 57
40 69
41 53
41 62
42 50
43 59
43 71
44 65
46 50
46 70
49 61
