0 3
0 26
0 27
0 33
0 34
0 40
0 43
0 50
0 54
1 5
1 13
1 36
1 42
1 53
1 56
2 16
2 18
2 22
2 24
2 30
2 35
2 43
3 27
3 47
3 51
4 12
4 18
4 21
4 22
4 24
4 31
4 55
4 57
5 6
5 15
5 18
5 22
5 32
5 54
6 7
6 29
6 32
6 46
6 49
6 54
6 56
6 57
7 28
7 29
7 42
7 55
7 59
8 42
8 56
9 14
9 25
9 29
9 30
9 39
9 40
9 51
10 25
10 28
10 30
10 46
10 50
11 15
11 39
11 44
11 49
11 58
12 17
12 22
12 23
12 28
12 41
12 56
13 16
13 42
13 43
13 51
13 55
14 28
14 34
14 39
14 45
14 54
15 21
15 32
15 35
15 37
15 52
15 54
15 55
16 35
16 37
16 39
16 46
16 54
17 28
17 46
17 49
17 53
17 59
18 59
19 20
19 45
19 59
20 21
20 22
20 38
20 43
20 51
20 53
21 24
21 38
21 45
22 26
22 42
22 56
22 57
23 28
23 52
23 56
23 59
24 25
24 29
24 32
25 41
25 43
26 29
26 42
26 45
26 46
27 40
27 48
28 29
28 38
28 45
28 49
28 54
28 56
28 58
29 36
29 41
29 42
29 43
29 45
29 47
30 55
31 52
32 41
32 45
32 51
33 37
33 51
33 52
34 38
34 51
35 44
35 51
35 53
35 59
36 45
37 50
37 56
37 57
38 40
38 48
38 51
38 53
38 56
39 51
39 52
39 55
40 48
41 57
42 44
42 45
44 49
44 55
45 50
45 56
47 54
49 52
49 58
50 52
50 53
50 58
56 58
