0 1
0 2
0 3
0 4
0 6
0 7
0 10
0 11
0 13
0 14
0 18
0 22
0 24
0 29
0 31
0 32
0 33
0 34
0 35
0 42
0 52
0 53
0 62
0 63
0 67
1 5
1 22
1 38
1 51
2 4
2 8
2 9
2 16
2 18
2 19
2 20
2 26
2 50
2 56
2 60
3 4
3 5
3 7
3 17
3 27
4 5
4 6
4 8
4 10
4 11
4 12
4 19
4 21
4 23
4 39
4 44
4 47
4 49
5 6
5 8
5 20
5 26
5 29
5 37
5 40
5 54
6 7
6 9
6 14
6 22
6 23
6 24
6 30
6 31
6 35
6 41
6 42
6 43
6 45
6 47
6 55
6 61
6 62
6 63
6 67
7 9
7 10
7 13
7 15
7 23
7 27
7 41
7 43
7 45
7 54
7 61
8 12
8 17
8 48
8 50
9 11
9 12
9 26
9 28
9 37
9 48
10 13
10 15
10 16
10 24
10 25
10 39
10 54
10 67
11 38
11 55
11 66
12 16
12 18
12 21
12 27
12 51
12 60
13 14
13 15
13 19
13 20
13 21
13 30
13 33
13 38
13 49
13 61
14 44
14 52
14 56
14 58
15 17
16 28
16 29
16 51
16 62
16 64
17 25
17 37
17 56
18 47
18 57
19 25
19 30
19 33
19 36
19 46
20 34
20 53
22 40
24 28
24 32
24 46
24 48
24 59
25 46
26 34
26 35
26 41
26 52
27 40
27 50
28 63
28 64
29 32
29 60
30 31
30 43
30 57
31 36
31 49
33 65
34 44
35 36
35 39
35 45
37 42
37 55
40 53
40 65
42 57
42 64
44 59
45 66
46 58
50 58
54 59
58 65
58 66
