0 1
0 51
0 2
0 13
1 2
1 3
1 51
2 3
2 4
3 4
3 5
4 5
4 6
5 6
5 7
6 7
6 8
7 8
7 9
8 9
8 17
9 10
9 11
9 37
10 11
10 12
11 12
11 13
12 13
12 14
13 14
14 16
14 29
15 16
15 17
15 29
16 17
16 18
17 18
17 19
18 19
18 20
19 20
19 21
20 21
20 22
21 23
21 25
22 23
22 24
23 24
23 25
24 25
24 26
25 26
25 27
26 27
26 28
27 28
27 29
28 29
28 30
29 30
29 50
30 31
30 32
31 32
31 33
32 33
32 34
33 34
33 35
34 35
34 36
35 36
35 37
36 37
36 38
37 38
38 39
38 40
39 40
39 49
40 41
40 42
41 43
41 45
42 43
42 44
43 44
43 45
44 45
44 46
45 46
45 47
46 47
46 48
47 48
47 49
48 49
48 50
49 50
49 51
50 51
