0 19
0 28
0 34
0 36
0 38
1 5
1 6
1 10
1 36
2 17
2 31
2 47
2 51
3 21
3 41
3 48
4 12
4 14
5 11
5 22
5 25
5 27
5 33
5 37
6 14
6 20
6 43
6 45
6 47
6 48
7 22
7 36
7 45
7 47
7 50
8 18
8 32
8 46
9 15
9 22
9 31
9 43
9 44
9 47
10 20
11 17
11 26
11 30
11 38
12 20
12 31
12 40
12 46
13 25
13 38
13 42
13 43
14 20
14 26
14 34
14 38
14 47
14 51
15 42
15 45
16 20
16 28
17 20
17 37
17 45
17 49
18 19
18 48
18 50
18 51
19 20
19 39
20 31
20 40
20 43
21 25
22 46
22 51
23 24
23 47
23 49
24 41
25 27
25 32
25 39
25 41
26 30
26 47
27 36
27 37
27 41
27 43
27 47
28 33
28 34
28 37
28 44
28 45
29 42
30 40
31 42
31 43
31 45
32 37
32 40
32 44
32 48
33 44
34 35
35 46
36 37
36 42
36 51
38 41
39 42
39 43
39 49
40 51
41 42
41 48
42 46
43 45
43 46
44 48
44 51
45 48
46 48
