0 1
0 2
0 3
0 4
0 5
0 7
0 9
0 11
0 23
0 24
0 26
0 29
0 35
0 54
1 5
1 31
2 4
2 6
2 10
2 26
2 34
2 58
3 4
3 8
3 13
3 15
3 25
3 29
4 5
4 6
4 7
4 8
4 10
4 12
4 16
4 19
4 21
4 46
4 57
4 58
5 6
5 7
5 8
5 13
5 15
5 16
5 17
5 18
5 19
5 20
5 21
5 22
5 28
5 34
5 39
5 42
5 49
5 50
6 9
6 18
6 20
6 31
6 46
7 18
7 27
7 28
7 35
7 40
7 43
7 44
8 9
8 10
8 11
8 12
8 13
8 22
8 23
8 44
8 52
9 12
9 14
9 17
9 19
9 24
9 25
9 26
9 45
10 11
10 20
10 21
10 36
10 53
11 24
11 36
11 49
12 14
12 16
12 22
12 30
12 33
12 37
12 39
12 41
12 42
12 43
12 55
13 14
13 17
13 45
13 51
13 54
13 57
14 15
14 27
14 35
14 38
14 54
14 56
15 55
16 33
16 53
17 23
17 32
17 33
17 38
18 25
18 30
18 39
18 57
19 30
19 55
20 40
20 42
20 50
20 53
21 29
21 45
22 28
22 31
22 32
22 48
22 52
23 27
23 32
23 48
24 37
26 37
28 38
28 41
28 46
30 47
31 44
31 48
33 34
33 36
33 47
33 50
33 51
35 40
35 41
35 43
35 47
37 51
37 56
39 49
41 52
44 58
55 56
