0 5
0 17
0 20
0 23
0 32
0 48
0 57
0 68
0 70
0 82
0 84
0 88
1 3
1 24
1 31
1 32
1 39
1 44
1 45
1 50
1 55
1 66
1 93
1 97
2 22
2 27
2 36
2 47
2 61
2 84
3 44
3 65
3 71
3 85
3 88
3 94
4 9
4 12
4 18
4 30
4 32
4 57
4 67
4 82
4 85
4 86
4 95
4 98
5 19
5 58
5 69
5 89
5 91
5 94
5 95
6 24
6 33
6 35
6 36
6 42
6 43
6 45
6 47
6 67
6 76
6 81
6 87
6 89
6 95
7 28
7 74
7 78
7 80
7 90
7 91
7 94
8 13
8 52
8 84
8 89
8 94
8 96
9 39
9 42
9 50
9 82
9 83
9 90
9 95
10 11
10 13
10 31
10 52
10 60
10 69
10 94
10 96
11 15
11 30
11 41
11 44
11 48
11 65
11 80
11 91
11 96
12 30
12 35
12 45
12 49
12 53
12 83
12 90
12 94
12 98
13 21
13 24
13 32
13 49
13 62
13 76
13 77
13 85
13 92
13 97
14 15
14 44
14 58
14 65
14 85
14 88
14 89
14 93
14 95
14 98
15 29
15 32
15 40
15 51
15 70
15 75
16 17
16 22
16 58
16 65
16 73
16 85
17 31
17 35
17 38
17 58
17 61
17 80
17 90
18 20
18 27
18 29
18 38
18 48
18 52
18 56
18 71
18 73
18 81
18 82
19 27
19 30
19 33
19 36
19 38
19 48
19 49
19 55
19 62
20 34
20 36
20 43
20 45
20 79
20 82
20 90
20 97
21 55
21 72
21 76
21 78
21 85
21 91
22 23
22 29
22 33
22 44
22 58
22 72
22 85
22 90
22 98
23 26
23 32
23 45
23 48
23 50
23 54
23 59
23 84
23 93
24 29
24 40
24 52
24 62
24 67
24 68
24 74
24 86
24 90
25 48
25 72
25 73
25 83
26 38
26 44
26 46
26 53
26 55
26 59
26 64
26 70
26 80
26 94
26 98
27 37
27 44
27 59
27 64
27 81
28 31
28 36
28 45
28 71
28 72
28 87
28 88
28 89
29 43
29 45
29 55
29 61
29 65
29 68
29 73
29 93
30 41
30 42
30 58
30 60
30 83
30 85
31 39
31 59
31 61
31 65
31 68
31 70
31 92
32 55
32 60
32 70
32 77
32 83
32 86
33 35
33 44
33 59
33 72
33 74
33 86
34 39
34 42
34 48
34 60
34 65
34 81
34 91
34 94
34 98
35 42
35 46
35 53
35 60
35 63
35 68
35 73
35 86
36 47
36 64
36 73
36 83
36 93
37 39
37 55
37 58
37 60
37 62
37 68
37 73
37 75
37 76
37 94
37 98
38 56
38 58
38 68
38 77
38 79
38 85
38 95
39 52
39 69
39 70
39 76
39 88
39 93
39 94
40 44
40 72
40 80
40 90
40 96
41 59
41 66
41 76
41 80
41 82
42 47
42 51
42 57
42 63
42 69
42 92
43 49
43 74
43 83
43 92
44 66
44 73
44 83
44 84
44 89
44 91
44 95
45 50
46 56
46 60
46 68
46 79
46 84
46 89
46 93
47 65
47 90
48 59
48 83
48 88
48 94
48 95
49 55
49 58
49 63
49 94
49 96
50 57
50 73
50 81
50 82
50 84
51 76
51 89
51 92
51 94
52 66
52 67
52 91
52 92
53 54
53 76
53 80
54 95
54 97
55 73
55 75
55 81
55 84
55 89
56 58
56 61
56 66
56 81
56 87
57 66
57 86
58 68
58 70
58 71
58 88
59 94
59 95
60 61
60 73
60 95
61 66
61 68
61 75
61 84
61 98
62 70
62 86
62 94
62 97
63 71
63 82
63 88
63 97
64 71
64 81
64 93
65 71
65 74
65 83
65 92
66 67
66 80
66 92
67 78
67 79
67 85
67 87
67 92
67 95
67 96
68 72
68 73
68 86
68 96
70 72
71 78
71 79
72 77
72 83
72 85
73 78
73 94
73 96
73 97
74 79
74 93
75 77
75 91
75 95
76 87
76 97
77 94
77 98
78 96
79 89
79 97
81 84
81 89
81 90
82 87
83 94
88 96
91 96
95 97
