0 1
0 2
0 3
0 5
0 8
0 13
0 18
0 20
0 41
0 44
0 46
0 54
0 55
0 60
0 61
1 4
1 5
1 11
1 13
1 15
1 17
1 24
1 25
1 27
1 28
1 29
1 30
1 39
1 40
1 42
1 45
1 48
1 49
1 52
1 54
1 57
1 62
1 67
1 68
2 4
2 9
2 49
3 4
3 5
3 6
3 7
3 9
3 11
3 34
3 35
3 52
3 68
4 6
4 7
4 8
4 10
4 14
4 15
4 16
4 20
4 23
4 24
4 31
4 32
4 35
4 37
4 43
4 52
4 54
4 63
4 65
5 6
5 8
5 12
5 17
5 22
5 23
5 27
5 29
5 34
5 42
5 51
5 64
5 67
6 7
6 10
6 26
6 33
6 39
6 41
6 43
6 47
6 53
7 11
7 44
8 9
8 10
8 12
8 14
8 15
8 18
8 22
8 23
8 25
8 26
8 30
8 34
8 35
8 37
8 38
8 46
8 47
8 51
8 58
8 62
9 12
9 21
9 30
9 32
9 37
9 53
9 66
10 16
10 33
10 60
11 13
11 19
11 38
11 43
11 45
12 14
12 62
12 64
13 17
13 48
14 16
14 19
14 24
14 25
14 28
14 31
14 58
14 68
15 48
16 18
16 19
16 20
16 21
16 31
16 40
16 44
16 53
16 61
17 21
17 40
18 38
18 67
19 33
19 46
19 63
20 22
20 39
21 66
23 26
23 27
23 28
24 45
24 64
25 36
26 29
26 42
26 55
26 58
26 63
27 32
27 36
27 59
28 50
28 65
30 36
31 51
32 50
32 56
32 57
32 61
33 57
34 66
37 47
37 50
37 55
39 41
39 60
41 56
43 56
45 49
50 59
52 59
59 65
