0 7
0 21
0 28
0 30
0 49
0 54
1 2
1 4
1 20
1 24
1 26
1 33
1 36
1 43
1 49
1 58
2 13
2 18
2 20
2 21
2 28
2 31
2 40
2 48
2 53
2 57
3 9
3 16
3 35
3 38
3 50
3 56
4 30
4 48
5 9
5 16
5 27
5 33
6 10
6 11
6 32
6 45
6 57
6 58
7 13
7 26
7 37
7 39
7 56
7 59
8 18
8 37
8 40
8 49
8 60
9 10
9 11
9 23
9 29
9 37
9 57
10 17
10 24
10 29
10 50
11 24
11 28
11 43
11 50
11 53
11 58
11 60
12 23
12 33
12 44
13 14
13 28
13 29
13 34
13 49
13 53
13 55
13 56
14 34
14 35
15 31
16 24
16 50
16 52
16 53
17 19
17 30
17 33
17 38
17 50
17 54
17 55
18 21
18 32
18 42
19 21
19 45
19 53
19 56
20 22
20 48
21 26
21 28
21 30
21 52
22 25
22 56
23 25
23 30
23 36
23 39
23 41
23 52
23 54
23 58
23 60
24 37
24 47
24 57
25 41
25 47
25 48
25 51
25 60
26 58
27 35
27 47
27 50
27 51
27 56
28 32
28 36
28 40
28 44
29 38
29 45
31 36
31 38
31 41
31 47
31 49
31 55
31 60
32 33
32 43
32 54
32 55
32 56
32 59
33 53
36 59
37 51
38 48
38 52
39 57
40 53
41 50
41 56
41 60
42 45
42 47
42 52
42 54
42 59
43 44
43 48
43 53
43 58
43 60
45 52
46 52
48 56
48 60
49 54
49 55
50 59
50 60
53 58
54 55
56 57
