0 1
0 68
0 2
0 67
1 2
1 68
1 46
2 3
2 44
3 4
3 5
4 5
4 6
4 31
5 6
5 7
6 7
6 8
6 39
6 57
7 8
7 31
8 10
8 30
9 10
9 11
10 11
10 12
11 12
11 13
12 13
12 14
13 14
13 15
14 15
14 16
15 16
15 17
16 17
16 18
17 18
17 19
18 19
18 20
19 20
19 21
19 33
20 21
20 22
21 22
21 23
21 33
22 23
22 24
23 24
23 25
24 25
24 26
25 27
25 43
25 57
26 27
26 28
27 28
27 29
28 29
28 30
29 30
29 46
30 31
30 32
31 33
32 33
32 34
34 35
34 36
35 36
35 37
36 37
36 38
37 38
37 39
38 39
38 40
39 41
40 41
40 42
41 42
41 43
42 43
42 44
43 44
43 45
44 45
44 46
45 46
45 47
46 47
46 48
47 48
47 49
48 49
48 50
49 50
49 51
50 51
50 52
51 52
51 53
52 53
52 54
53 54
53 55
54 55
54 56
55 56
55 57
56 57
56 58
58 59
58 60
59 60
59 61
60 61
60 62
61 62
61 63
62 63
62 64
63 64
63 65
64 65
64 67
65 66
65 67
66 67
66 68
67 68
