0 1
0 2
0 3
0 4
0 5
0 13
0 17
0 23
0 26
0 47
0 50
1 4
1 5
1 6
1 7
1 13
1 17
1 22
1 29
1 31
1 33
1 39
2 4
2 8
2 19
3 6
3 9
3 11
4 5
4 6
4 7
4 8
4 12
4 17
4 19
4 24
4 28
4 35
4 37
4 45
4 52
5 8
5 9
5 10
5 13
5 14
5 15
5 20
5 21
5 22
5 25
5 29
5 30
5 34
5 36
5 41
5 46
5 51
6 7
6 9
6 10
6 12
6 16
6 32
6 33
6 41
7 11
7 27
7 40
7 44
7 45
8 10
8 11
8 12
8 18
8 20
8 27
8 34
8 38
8 48
8 54
9 23
9 26
9 31
10 14
10 15
10 19
10 36
10 39
10 42
10 51
10 54
11 15
11 16
11 21
11 22
11 23
11 24
11 28
11 29
11 35
11 37
11 38
11 50
12 18
12 20
12 25
12 37
12 39
12 42
12 46
13 14
13 51
14 25
15 16
15 24
15 41
16 21
16 44
17 18
17 43
18 27
19 49
20 26
20 30
20 32
22 47
22 48
22 50
24 31
24 33
24 40
24 53
24 54
25 43
26 28
26 30
26 49
28 40
28 48
29 45
29 46
30 32
30 34
30 38
30 42
30 44
32 35
32 43
35 36
35 53
38 49
41 47
42 52
51 52
52 53
