0 15
0 19
0 20
0 24
0 35
0 39
0 48
1 6
1 13
1 15
1 19
1 27
1 41
1 44
1 57
2 13
2 24
2 34
2 36
2 49
3 6
3 33
3 40
3 45
3 58
4 5
4 29
4 31
4 35
4 49
5 14
5 15
5 17
5 19
5 38
5 40
5 42
5 48
5 53
5 56
5 60
6 49
6 51
6 56
7 9
7 22
8 15
8 26
8 49
8 55
9 14
9 16
9 21
9 24
9 25
9 27
9 31
9 33
9 35
9 40
9 41
9 46
9 47
9 58
9 60
10 26
10 29
10 37
10 38
10 42
10 50
10 58
11 29
11 46
11 49
11 51
12 13
12 14
12 29
12 42
12 61
13 16
13 27
13 60
13 61
14 38
14 51
14 61
15 18
15 22
15 33
15 44
15 46
16 25
16 28
16 32
16 53
17 44
17 49
17 54
17 55
17 60
18 21
18 22
18 34
18 49
18 57
19 39
19 43
19 47
20 23
20 24
20 26
20 38
20 54
20 60
21 46
21 51
21 53
21 55
22 45
23 26
23 40
23 44
23 50
23 58
24 35
24 38
24 52
25 31
25 58
25 61
26 29
26 40
27 45
27 46
27 48
27 54
27 56
28 42
28 45
28 55
29 36
29 49
29 51
29 61
30 34
31 37
31 40
31 45
31 51
32 42
32 45
32 48
33 40
33 48
33 55
33 58
34 43
34 48
35 43
35 45
35 51
36 41
36 61
37 43
37 44
37 55
40 55
40 56
41 49
42 47
42 58
43 45
43 55
44 59
45 57
46 47
46 50
47 54
48 54
48 60
49 56
49 58
51 58
52 53
52 56
53 55
53 58
54 56
58 60
58 61
60 61
