0 7
0 12
0 21
0 25
0 28
0 35
0 39
0 45
0 47
1 2
1 28
1 42
2 12
2 22
2 36
2 41
2 44
3 8
3 13
3 14
3 30
3 35
3 38
4 5
4 10
4 11
4 12
4 13
5 7
5 13
5 24
5 48
6 18
6 20
6 21
6 36
6 44
6 50
7 16
7 19
7 35
7 48
8 10
8 23
8 34
9 20
9 49
10 11
10 24
10 46
10 48
11 18
11 24
11 36
11 39
12 21
12 23
12 32
14 18
14 23
15 20
15 30
15 31
15 41
16 27
16 33
16 46
16 47
16 49
17 19
17 28
17 37
17 41
18 22
18 24
18 28
18 32
18 36
18 37
18 45
18 49
18 51
19 33
19 46
19 51
20 21
20 33
20 41
21 30
22 28
22 31
22 35
22 46
23 25
23 31
23 45
24 38
24 40
25 27
25 31
25 36
26 39
27 38
27 40
27 41
27 45
28 47
29 30
29 44
29 47
30 32
30 51
31 44
31 49
31 43
32 49
33 35
33 50
33 51
34 37
34 39
34 40
34 50
35 39
35 41
36 42
36 48
37 38
37 39
38 44
39 50
40 49
44 49
45 50
50 51
