0 1
0 2
0 69
1 2
1 3
1 70
2 3
2 57
3 4
3 5
4 5
4 6
5 6
5 7
6 8
6 14
7 8
7 9
8 9
8 10
8 60
9 10
9 11
10 11
10 12
11 12
11 69
12 13
12 14
13 14
13 15
14 15
14 16
15 16
15 17
16 17
16 18
17 18
17 19
18 20
18 43
18 21
19 20
19 21
19 70
20 21
20 22
21 23
21 22
22 24
23 24
23 25
23 56
24 25
24 26
25 26
25 27
26 27
26 28
27 28
27 29
28 29
28 30
29 30
29 50
29 53
30 31
30 32
30 64
31 32
31 33
32 33
32 34
33 34
33 35
34 35
34 36
35 36
35 37
36 37
36 38
37 38
37 39
38 39
38 40
38 59
39 40
39 41
40 41
40 42
41 42
41 43
42 43
42 44
43 44
43 45
44 45
44 46
45 46
45 47
46 47
46 48
47 48
47 49
48 49
48 50
49 50
49 51
50 51
50 52
51 52
51 53
52 53
52 54
53 54
54 55
54 56
55 56
55 57
56 58
57 58
57 59
58 59
58 60
59 61
60 61
61 62
61 63
62 63
62 64
63 64
63 65
64 66
65 66
65 67
66 67
66 68
67 68
67 69
68 69
68 70
69 70
