0 9
0 11
0 27
0 33
0 36
0 49
0 52
0 55
0 56
0 65
1 31
1 50
1 64
2 17
2 23
2 25
2 36
2 44
2 51
3 8
3 22
3 38
3 52
3 56
3 57
3 60
3 61
4 11
4 17
4 26
4 33
4 50
4 51
4 58
4 60
4 62
5 6
5 21
5 24
5 43
5 57
5 62
6 12
6 31
6 37
6 51
6 54
7 14
7 44
7 49
7 56
8 22
8 29
8 35
8 53
8 60
9 28
9 45
9 49
9 53
9 56
10 13
10 14
10 23
10 26
10 44
10 60
10 64
11 17
11 38
11 60
12 26
12 41
12 44
12 49
12 64
13 27
13 28
13 39
13 40
13 41
13 53
14 18
14 24
14 32
14 37
14 42
14 44
14 45
14 48
14 64
15 28
15 35
15 38
15 45
15 55
15 62
16 23
16 25
16 30
16 34
16 49
17 19
17 21
17 22
17 29
17 33
17 45
17 51
18 34
18 36
18 51
18 54
18 55
19 20
19 32
19 46
19 49
19 58
19 65
20 25
20 30
20 36
20 62
20 63
21 25
21 27
21 33
21 45
21 48
21 64
21 65
22 25
22 27
22 28
22 29
22 30
22 56
22 63
22 64
23 32
23 43
23 62
24 27
24 37
24 41
25 48
25 57
26 34
26 44
26 45
27 50
27 64
28 41
28 44
28 45
28 47
28 63
29 48
29 50
29 56
29 60
29 64
29 65
30 33
30 42
30 44
30 61
32 40
32 42
33 36
33 41
34 64
35 36
35 39
35 43
35 57
35 58
36 43
36 52
37 44
37 49
37 52
37 59
38 56
38 63
39 41
39 46
39 63
40 54
40 57
41 43
41 50
42 45
42 54
42 61
42 64
42 65
43 54
43 55
43 57
43 59
44 51
44 61
45 51
45 52
46 47
46 51
46 60
47 48
49 52
49 53
49 55
49 64
50 53
50 60
51 54
51 61
52 53
52 62
55 62
56 62
56 65
58 60
58 61
60 61
62 63
62 64
