0 1
0 2
0 3
0 4
0 5
0 6
0 8
0 9
0 11
0 17
0 18
0 19
0 23
0 24
0 28
0 33
0 37
0 40
1 7
1 8
1 32
2 4
2 5
2 6
2 9
2 11
2 12
2 13
2 15
2 16
2 19
2 20
2 24
2 26
2 27
2 30
2 32
2 36
2 45
2 46
2 48
3 4
3 7
3 10
3 16
3 17
3 25
3 27
4 5
4 6
4 7
4 10
4 11
4 18
4 33
4 40
4 45
4 46
5 8
5 9
5 10
5 12
5 14
5 15
5 34
5 36
5 44
6 14
6 21
6 26
6 30
6 35
6 48
7 20
7 21
7 31
8 13
8 19
8 43
9 13
9 17
9 38
10 29
10 34
10 37
10 43
11 12
11 14
11 23
11 24
11 29
11 39
11 44
12 31
12 32
13 15
13 16
13 29
15 30
15 40
15 47
16 21
16 38
16 42
17 18
17 20
17 22
17 23
17 27
17 28
17 33
17 39
17 43
17 47
18 22
18 25
18 38
18 42
19 25
19 37
19 39
20 35
21 22
22 31
22 41
23 34
23 42
23 46
24 26
24 28
24 36
25 35
30 41
30 45
36 44
38 41
46 47
46 48
