0 10
0 12
0 17
0 34
0 49
0 58
0 74
0 78
1 9
1 16
1 18
1 23
1 28
1 31
1 44
1 51
1 54
1 62
1 85
2 6
2 32
2 33
2 41
2 44
2 55
2 74
2 77
2 86
3 6
3 15
3 18
3 21
3 33
3 49
3 57
3 60
3 63
3 71
3 84
4 7
4 24
4 27
4 49
4 53
4 59
4 86
5 39
5 77
5 80
5 86
6 10
6 19
6 32
6 39
6 47
6 61
6 64
6 75
6 76
6 77
6 81
7 26
7 40
7 43
7 52
7 53
7 58
7 70
7 82
8 13
8 22
8 23
8 32
8 35
8 72
9 17
9 29
9 33
9 39
9 45
9 47
9 48
9 50
9 64
9 81
10 12
10 24
10 41
10 43
10 50
10 57
10 67
10 70
10 84
11 12
11 13
11 39
11 45
11 78
11 87
12 30
12 36
12 41
12 51
12 52
12 53
12 68
12 70
13 16
13 22
13 27
13 30
13 46
13 54
13 56
13 62
13 73
13 83
14 33
14 49
14 64
14 67
15 20
15 22
15 34
15 81
16 18
16 26
16 27
16 37
16 39
16 42
16 54
16 64
16 75
16 80
17 35
17 38
17 45
17 46
17 53
17 64
17 69
17 82
18 23
18 31
18 49
18 51
18 56
18 61
18 62
18 87
19 33
19 71
19 72
19 84
20 27
20 31
20 37
20 43
20 53
20 62
20 71
21 38
21 44
21 60
21 71
22 24
22 56
22 58
22 59
22 64
22 68
23 41
23 60
23 61
23 64
23 68
23 79
24 35
24 36
24 47
24 55
24 60
24 67
24 69
24 70
24 85
25 31
25 33
25 53
25 60
25 67
25 70
25 78
26 28
26 29
26 49
26 50
26 52
26 78
27 28
27 31
27 49
27 53
27 80
27 85
28 33
28 39
28 44
28 57
28 69
28 71
28 84
28 87
29 31
29 33
29 53
29 57
29 68
29 73
29 74
29 75
29 83
30 56
30 71
30 78
30 83
31 51
31 65
31 74
31 77
31 78
32 51
32 79
33 37
33 42
33 43
33 68
33 71
33 72
33 74
33 75
33 76
33 77
34 50
34 70
34 82
34 84
35 38
35 44
35 74
35 81
36 38
36 42
36 54
36 84
37 40
37 44
37 81
37 87
38 40
38 44
38 46
38 70
38 86
39 44
39 51
39 82
39 86
40 56
40 67
40 80
41 43
41 76
41 77
42 48
42 52
42 58
42 62
42 65
42 74
42 76
43 53
43 60
43 62
43 80
43 85
44 50
44 59
44 78
45 48
45 49
45 50
45 52
45 73
45 86
46 59
46 72
46 75
46 84
46 86
47 68
47 69
47 78
48 63
49 81
50 63
50 65
50 77
50 79
50 82
50 83
50 84
51 59
51 75
52 65
52 83
52 87
54 57
54 61
55 84
55 85
56 73
56 75
56 83
57 72
57 84
57 86
57 87
58 72
58 87
59 62
59 71
59 75
60 72
61 63
61 66
61 71
61 80
63 73
63 81
63 82
64 71
64 82
64 85
65 67
65 79
65 81
66 67
67 68
67 84
68 84
69 84
70 80
70 82
70 87
71 74
71 83
72 84
73 76
74 81
74 86
75 79
77 87
78 84
81 87
