0 8
0 36
0 56
0 57
0 81
0 85
1 25
1 38
1 43
1 53
1 57
2 6
2 7
2 39
2 75
2 76
2 81
2 86
3 10
3 29
3 53
3 59
3 62
3 70
3 81
4 18
4 23
4 31
4 42
4 55
4 58
5 14
5 17
5 36
5 50
5 57
5 58
5 74
5 79
5 86
6 9
6 12
6 18
6 24
6 29
6 34
6 36
6 56
6 57
6 70
6 77
6 79
6 86
7 18
7 25
7 28
7 37
7 48
7 52
7 59
7 63
7 78
7 82
7 87
8 9
8 46
8 47
8 77
8 79
8 87
9 43
9 49
9 50
9 64
9 78
9 84
9 86
10 14
10 32
10 35
10 42
10 43
10 56
10 61
10 76
10 78
11 24
11 34
11 40
11 49
11 73
11 79
11 82
12 15
12 18
12 23
12 54
12 81
12 88
13 14
13 17
13 54
13 72
13 82
14 19
14 33
14 34
14 50
14 55
15 18
15 34
15 52
15 69
15 73
15 74
15 75
16 20
16 69
16 79
17 35
17 53
17 84
18 28
18 38
18 42
18 58
18 68
18 88
19 26
19 28
19 34
19 44
19 49
19 56
19 62
19 81
19 84
20 41
20 44
20 57
20 65
20 74
20 76
21 22
21 37
21 49
21 54
21 64
21 72
21 75
21 87
21 88
22 35
22 40
22 63
22 64
22 77
22 85
22 86
23 40
23 51
23 55
23 62
23 69
24 38
24 45
24 52
24 61
24 66
24 68
24 84
25 34
25 35
25 65
25 80
26 29
26 34
26 43
26 44
26 54
26 70
26 76
26 79
26 80
26 87
27 30
27 36
27 46
27 58
27 78
27 80
27 88
28 30
28 46
28 53
28 73
28 79
29 34
29 40
29 41
29 50
29 57
29 61
29 80
29 85
30 35
30 37
30 56
30 79
30 87
31 33
31 36
31 37
31 38
31 41
31 51
31 65
31 79
32 35
32 40
32 56
32 60
32 67
32 71
33 35
33 48
33 65
33 86
33 88
34 35
34 52
34 70
34 79
35 42
35 43
35 66
35 69
35 70
35 74
35 85
36 39
36 48
36 63
36 67
36 77
37 53
37 63
37 75
38 43
38 62
38 69
38 79
38 85
39 47
39 54
39 62
39 63
39 68
39 71
39 75
39 80
39 85
40 66
40 83
40 85
40 86
41 45
41 53
41 55
42 48
43 86
44 53
44 59
44 69
44 81
44 84
45 57
45 59
45 67
45 68
45 70
45 75
45 83
46 48
46 72
46 80
47 54
47 59
47 60
47 66
47 68
47 74
47 78
48 61
48 64
48 66
48 71
48 76
48 79
48 80
49 55
49 57
49 79
49 84
49 87
50 58
50 78
51 56
51 63
51 66
51 77
51 87
52 56
52 67
52 71
53 54
53 78
53 82
53 88
54 67
54 71
54 72
54 78
54 80
55 61
55 71
55 87
56 57
56 62
56 66
56 68
56 72
56 77
56 84
57 65
57 77
58 73
58 76
58 80
59 62
59 64
59 72
59 88
60 75
60 79
60 84
61 73
61 78
61 80
62 72
62 83
65 85
66 81
66 85
67 69
67 80
68 75
69 71
69 81
69 85
70 87
71 78
72 87
73 77
73 79
73 85
74 84
76 77
76 85
77 80
77 88
78 80
84 87
86 88
