0 1
0 45
0 2
0 44
0 8
1 2
1 3
1 45
2 3
2 4
3 4
3 5
4 5
4 6
4 42
5 6
5 7
6 7
6 8
7 8
7 9
8 9
9 10
9 40
10 11
10 12
11 12
11 13
12 13
12 14
13 14
13 15
14 15
14 16
15 16
15 17
16 17
16 18
17 18
17 19
18 19
18 20
19 20
19 21
19 42
20 21
20 22
21 22
21 23
21 39
22 23
22 24
23 24
23 25
24 25
24 26
25 26
25 27
26 27
26 28
26 41
27 28
27 29
28 29
28 30
29 30
29 31
30 31
30 32
31 32
31 38
32 33
32 34
33 34
33 35
34 35
34 36
35 36
35 37
36 37
36 38
37 38
37 39
38 39
38 40
39 41
40 41
40 42
41 42
43 44
43 45
44 45
