0 1
0 10
0 13
0 32
0 44
0 82
0 84
1 6
1 22
1 23
1 26
1 33
1 74
1 83
2 4
2 17
2 27
2 33
2 45
2 49
2 55
2 74
2 89
3 5
3 7
3 8
3 21
3 25
3 33
3 55
3 56
3 59
3 70
3 78
3 86
4 7
4 13
4 28
4 31
4 37
4 52
4 59
4 61
4 70
4 72
5 32
5 38
5 41
5 48
5 50
5 53
5 63
5 77
6 9
6 17
6 51
6 84
7 28
7 38
7 59
7 67
8 23
8 26
8 28
8 29
8 49
8 65
8 74
8 77
8 80
9 15
9 21
9 35
9 41
9 43
9 45
9 57
9 60
9 62
9 63
9 71
9 78
10 20
10 27
10 35
10 36
10 44
10 52
10 57
10 88
11 19
11 45
11 63
11 66
11 68
11 70
11 73
12 20
12 39
12 40
12 48
12 54
12 88
13 16
13 18
13 37
14 20
14 29
14 42
14 46
14 53
14 60
14 63
14 88
14 89
15 25
15 27
15 28
15 31
15 48
15 53
15 56
15 58
15 59
16 33
16 44
16 45
16 69
17 28
17 32
17 34
17 48
17 75
18 19
18 32
18 34
18 42
18 48
18 71
19 27
19 31
19 33
19 35
19 47
19 51
19 54
19 60
20 50
20 54
20 62
20 66
20 80
20 81
21 27
21 28
21 29
21 33
21 36
21 39
21 43
21 80
21 82
21 89
22 74
22 77
22 89
23 24
23 30
23 32
23 44
23 52
23 53
23 55
23 60
24 52
24 70
24 89
25 27
25 28
25 35
25 36
25 55
25 60
25 67
25 79
25 84
25 86
26 27
26 42
26 44
26 51
26 53
26 56
26 57
27 28
27 41
27 47
27 62
27 71
27 76
27 88
28 49
28 50
28 57
28 59
28 61
28 70
28 77
29 41
29 48
29 50
29 56
29 65
29 71
29 73
29 76
29 82
30 39
30 48
30 53
30 67
30 85
30 88
31 39
31 52
31 62
31 74
31 88
31 89
32 51
32 52
32 54
32 55
32 56
32 59
32 67
32 87
33 34
33 46
33 47
33 59
33 69
33 74
33 76
33 87
34 56
34 62
34 76
34 89
35 37
35 49
35 50
35 52
35 57
35 63
35 66
35 72
35 75
35 85
36 48
36 71
36 84
37 56
37 60
37 74
37 75
37 81
37 85
38 57
38 64
39 42
39 44
39 59
39 63
39 67
39 71
39 73
39 79
39 83
39 86
40 54
40 62
40 64
40 72
40 78
40 79
40 89
41 45
41 54
41 58
41 60
41 64
41 65
41 72
41 78
41 79
41 80
42 45
42 46
42 50
42 58
42 80
42 82
42 83
43 87
44 62
44 65
44 71
44 74
44 76
44 87
45 54
45 55
45 61
45 66
45 69
45 78
45 82
45 86
46 47
46 49
46 67
46 70
46 71
46 72
46 80
46 83
47 48
47 49
47 53
48 49
48 63
48 64
48 67
48 76
48 79
48 80
48 86
49 57
49 72
49 76
50 53
50 58
50 62
50 79
50 82
50 89
51 58
51 59
51 65
51 72
51 82
51 83
52 57
52 62
52 63
52 69
52 74
53 75
54 71
54 86
55 68
55 84
55 88
56 64
56 69
56 87
56 88
57 65
57 71
57 73
57 81
57 84
58 74
58 78
58 80
58 81
59 61
59 62
59 66
59 89
60 70
60 77
60 80
60 82
60 86
60 88
61 76
62 70
62 75
63 73
63 80
63 84
64 71
64 74
64 75
64 81
65 72
65 86
66 71
67 76
67 81
68 84
68 86
70 76
70 78
70 85
71 86
71 88
72 79
72 81
73 81
73 82
73 83
74 84
75 82
76 82
76 86
76 87
76 88
76 89
78 85
79 83
80 89
81 86
82 85
82 86
83 87
85 86
