0 8
0 13
0 32
0 54
0 55
0 59
0 69
0 85
1 13
1 32
1 34
1 57
1 64
1 76
1 80
2 10
2 11
2 15
2 18
2 36
2 39
2 45
2 61
3 6
3 8
3 12
3 20
3 21
3 26
3 79
4 14
4 18
4 24
4 27
4 42
4 50
5 10
5 16
5 25
5 40
5 46
5 66
5 68
5 72
5 83
6 7
6 59
6 70
7 49
7 74
7 77
8 18
8 38
8 45
8 47
8 57
8 72
9 23
9 28
9 44
9 65
9 66
9 69
9 84
10 23
10 47
10 53
10 54
10 60
10 62
10 71
10 78
10 80
10 83
11 21
11 26
11 38
11 42
11 54
11 58
11 77
12 24
12 25
12 47
12 68
12 70
12 72
12 77
13 14
13 21
13 25
13 27
13 28
13 29
13 38
13 43
13 50
13 67
13 77
14 20
14 25
14 29
14 32
14 36
14 58
14 84
15 19
15 35
15 36
15 39
15 40
15 48
15 77
15 80
15 84
16 35
16 46
16 49
16 73
16 80
16 82
17 21
17 23
17 27
17 30
17 42
17 50
17 57
17 59
17 85
18 26
18 31
18 32
18 43
18 52
18 67
18 71
18 84
19 55
19 56
19 62
19 70
19 78
19 81
19 84
20 26
20 27
20 37
20 38
20 57
20 76
20 78
21 27
21 33
21 60
22 26
22 32
22 33
22 36
22 37
22 43
22 48
22 82
23 39
23 50
23 53
23 63
24 28
24 32
24 33
24 46
24 50
24 82
25 45
25 54
25 66
25 67
25 68
25 79
25 80
26 37
26 38
26 40
26 59
26 76
26 85
27 29
27 31
27 32
27 44
27 45
27 49
27 56
27 58
27 71
27 74
28 37
28 52
28 54
28 55
28 72
28 75
28 81
29 32
29 35
29 43
29 70
30 33
30 53
30 59
30 72
30 77
30 79
31 45
31 62
31 67
31 79
31 80
31 81
31 83
31 84
32 45
32 47
32 52
32 53
32 54
32 57
32 83
33 35
33 43
33 59
33 70
33 72
33 77
34 50
34 61
34 69
34 73
35 40
35 42
35 47
35 79
35 83
36 51
36 56
36 74
36 78
36 84
37 40
37 57
37 79
37 81
37 83
38 39
38 52
38 53
38 57
38 65
39 43
39 47
39 52
39 62
39 65
39 69
39 77
40 56
40 57
40 58
40 82
41 50
41 57
41 74
41 75
41 77
42 57
42 62
42 78
42 84
43 60
43 63
43 75
43 79
43 85
44 51
44 69
45 58
45 69
46 65
47 48
47 57
47 71
48 49
48 51
48 52
48 72
48 75
49 70
49 76
49 78
50 65
50 78
51 53
51 58
51 66
51 68
52 61
52 70
52 84
53 54
53 64
54 56
54 59
54 83
55 56
55 57
55 67
55 70
56 63
56 69
56 81
57 63
57 64
57 73
58 59
58 66
58 75
58 77
59 64
59 67
59 79
59 80
60 74
61 62
61 66
61 78
63 85
64 78
64 85
66 72
66 75
66 79
66 84
68 75
68 76
70 82
72 77
72 82
73 77
75 84
75 85
77 81
78 84
79 85
81 84
